48735
48738
48740
48743
48745
48749
48750
48752
48755

48757
48758
48759
48760
48761
48762
48763
48764
48765
48766
48767
48768
48769

48772
48777
48778
48779
48780
48788
48789
48791

48797
48798
48799
48800
48801
48802
48803
48804
48805
48806
48807
48808
48809
48811
48812
48813

48816
48817
48818
48819
48820
48821
48822
48823
48824
48825
48826
48827
48828
48829
48830
48832
48834
48835
48836

48840
48841
48842
48844
48845
48846
48847
48849
48850
48851
48853

48863
48864
48866
48867
48868
48869
48870
48871
48872
48873
48874

48879
48880
48882
48883
48884
48885
48886
48888
48889
48890
48892
48893
48894
48895
48896

48898
48899
48900
48901
48902
48903
48904
48906
48907
48908
48909
48910
48911
48912
48913
48915
48916
48917
48918
48919
48920
48921

48925
48926
48927
48928
48929
48930
48931
48932
48933
48934
48935
48936

49033
49034
49035
49036
49037
49038
49039
49040
49042

49045
49046
49047
49048
49049
49050
49051
49052
49054
49055
49056
49057
49058
49059
49060
49061
49062
49063
