48533
48539

48543
48544
48546
48547

48551
48552
48555
48558
48559
48560
48561

48579
48580

48594
48595
48596
48597
48598
48599
48602
48603
48604
48605
48606

48609
48611
48614
48615
48616
48617
48618
48619
48620
48622
48623

48630
48631
48632
48634
48636
48638
48639
48640
48641
48642
48643
48644

48646
48647
48648
48649
48651
48652
48653
48654
48655
48656
48657
48658
48659
48660
48661

48666
48668
48669
48670
48671
48672

48710
48711
48712
48714
48715
48716
48717
48718

48721
48722
48723
48725
48726
