49134
49135
49136
49137
49138
49139
49140
49141
49142
49143
49145
49146
49147
49148
49149
49150
49151
49152
49154
49157
49159

49162
49163
49164
49166
49167
49168
49169
49170
49171
49172
49173
49174
49175

49177
49178
49179
49180
49181
49182
49183
49184

49186
49187
49188
49189
49190
49191
49192
49194
49195
49196
49197
49198
49200

49204
49205
49206
49208
49209
49210
49211
49212
49213
49214
49215
49216
49217
49218
49219
49220
